rank,uri,artist_names,track_name,source,peak_rank,previous_rank,days_on_chart,streams
1,"spotify:track:2G7V7zsVDxg1yRsu7Ew9RJ","Drake","In My Feelings","Cash Money/Drake LP6",1,1,33,"2678524"
2,"spotify:track:2E124GmJRnBJuXbTb4cPUB","6ix9ine, Nicki Minaj, Murda Beatz","FEFE","Scumgang Records/TenThousand Projects, LLC",2,2,10,"2188635"
3,"spotify:track:0s3nnoMeVWz3989MkNQiRf","Juice WRLD","Lucid Dreams","Juice WRLD Mixtape / ISR P&D",1,3,86,"1571072"
4,"spotify:track:5WvAo7DNuPRmk4APhdPzi8","DJ Khaled, Justin Bieber, Quavo, Chance the Rapper","No Brainer","Epic/We The Best",3,4,5,"1484229"
5,"spotify:track:5IaHrVsrferBYDm0bDyABy","Tyga, Offset","Taste (feat. Offset)","Last Kings Music / EMPIRE",3,6,75,"1246842"
6,"spotify:track:3ee8Jmje8o58CHK66QrVC2","XXXTENTACION","SAD!","Bad Vibes Forever, LLC",1,5,152,"1245560"
7,"spotify:track:58q2HKrzhC3ozto2nDdN4z","Cardi B, Bad Bunny, J Balvin","I Like It","Atlantic/KSR",2,7,117,"1171325"
8,"spotify:track:0TlLq3lA83rQOYtrqBqSct","Drake","Nonstop","Cash Money/Drake LP6",1,8,33,"1098396"
9,"spotify:track:0JP9xo3adEtGSdUEISiszL","XXXTENTACION","Moonlight","Bad Vibes Forever, LLC",2,9,138,"1057535"
10,"spotify:track:0d2iYfpKoM0QCKvcLCkBao","benny blanco, Halsey, Khalid","Eastside (with Halsey & Khalid)","Benny Blanco Solo Album PS",10,10,19,"1026084"
11,"spotify:track:7fa9MBXhVfQ8P8Df9OEbD8","Maroon 5, Cardi B","Girls Like You (feat. Cardi B) - Cardi B Version","Interscope Records*",6,11,61,"997168"
12,"spotify:track:7dt6x5M1jzdTEt8oCbisTK","Post Malone","Better Now","Republic Records",1,12,96,"988410"
13,"spotify:track:7gkWXbAxIYuvtOpcN3p9GJ","Ariana Grande","God is a woman","Republic Records",4,13,19,"954835"
14,"spotify:track:6vN77lE9LK6HP2DewaN6HZ","Lil Baby, Drake","Yes Indeed","Quality Control Music, LLC",2,14,78,"903384"
15,"spotify:track:3CA9pLiwRIGtUBiMjbZmRw","Drake","Nice For What","Cash Money/Drake LP6",1,15,116,"823838"
16,"spotify:track:6DCZcSspjsKoFjzjrWoCdn","Drake","God's Plan","Cash Money/Drake LP6",1,16,193,"737943"
17,"spotify:track:3swc6WTsr7rl9DqQKQA55C","Post Malone, Ty Dolla $ign","Psycho (feat. Ty Dolla $ign)","Republic Records",1,17,159,"709621"
18,"spotify:track:2iUXsYOEPhVqEBwsqP70rE","5 Seconds of Summer","Youngblood","Capitol",12,19,109,"691536"
19,"spotify:track:3qN5qMTKyEEmiTZD38BNTT","Drake","I'm Upset","Cash Money/Drake LP6",4,20,66,"683200"
20,"spotify:track:6G8kHiVZ1jW7vHMPVRNZU0","Drake, Michael Jackson","Don’t Matter To Me (with Michael Jackson)","Cash Money/Drake LP6",2,18,33,"677327"
21,"spotify:track:4kWO6O1BUXcZmaxitpVUwp","Tiësto, Dzeko, Preme, Post Malone","Jackie Chan","Universal Music, a division of Universal International Music BV",18,21,75,"666918"
22,"spotify:track:7m9OqQk4RVRkw9JJdeAw96","XXXTENTACION","Jocelyn Flores","Bad Vibes Forever / EMPIRE",2,22,341,"657409"
23,"spotify:track:0XySogm94T51XF5F2jumXm","Juice WRLD","All Girls Are The Same","Juice WRLD Mixtape / ISR P&D",12,23,102,"638965"
24,"spotify:track:43V1z6QToNNWNldV4FEG6r","Loud Luxury, Brando","Body","Armada Music",24,26,47,"614119"
25,"spotify:track:3obgSF06ki98lYNLNq5vCB","Juice WRLD, Lil Uzi Vert","Wasted (feat. Lil Uzi Vert)","Juice WRLD Mixtape / ISR P&D",23,24,22,"613476"
26,"spotify:track:7AFASza1mXqntmGtbxXprO","XXXTENTACION","changes","Bad Vibes Forever, LLC",4,25,152,"610876"
27,"spotify:track:7ycWLEP1GsNjVvcjawXz3z","A$AP Rocky, Skepta","Praise The Lord (Da Shine) (feat. Skepta)","A$AP Worldwide/Polo Grounds Music/RCA Records",5,34,68,"587742"
28,"spotify:track:7AQim7LbvFVZJE3O8TYgf2","XXXTENTACION, Trippie Redd","Fuck Love (feat. Trippie Redd)","Bad Vibes Forever / EMPIRE",5,27,341,"587478"
29,"spotify:track:7rC5Pl8rQSX4myONQHYPBK","Drake","Mob Ties","Cash Money/Drake LP6",5,30,33,"576563"
30,"spotify:track:4qKcDkK6siZ7Jp1Jb4m0aL","BlocBoy JB, Drake","Look Alive (feat. Drake)","OVO Sound/Warner Records",2,28,173,"572021"
31,"spotify:track:3u1S1OmAUhx5DRlLrXqyp3","Jonas Blue, Jack & Jack","Rise","Positiva",29,29,44,"566374"
32,"spotify:track:0e7ipj03S05BNilyu5bRzt","Post Malone, 21 Savage","rockstar (feat. 21 Savage)","Republic Records",1,32,320,"553679"
33,"spotify:track:3nc420PXjTdBV5TN0gCFkS","Martin Garrix, Khalid","Ocean (feat. Khalid)","Epic Amsterdam",17,31,47,"552291"
34,"spotify:track:2RM4jf1Xa9zPgMGRDiht8O","YG, 2 Chainz, Big Sean, Nicki Minaj","BIG BANK (feat. 2 Chainz, Big Sean, Nicki Minaj)","Def Jam Recordings",33,35,68,"528283"
35,"spotify:track:6vsV4D8BM6PioRr1UOx0n2","Billie Eilish","you should see me in a crown","Darkroom/Interscope Records",25,33,13,"523249"
36,"spotify:track:55GiOwtxNajXVbpjjIzMnD","Tyga","SWISH","Last Kings Music / EMPIRE",23,37,6,"515067"
37,"spotify:track:0At2qAoaVjIwWNAqrscXli","Ella Mai","Boo'd Up","10 Summers / Interscope PS",24,38,81,"501144"
38,"spotify:track:6kPJZM97LwdG9QIsT7khp6","Clean Bandit, Demi Lovato","Solo (feat. Demi Lovato)","Atlantic Records UK",38,40,75,"481002"
39,"spotify:track:4keoy2fqgwGnbWlm3ZVZFa","Zedd, Elley Duhé","Happy Now","UMGRI Interscope",39,47,12,"479106"
40,"spotify:track:6IaieqiCVvsNvEt6Y7yOFa","Post Malone, Nicki Minaj","Ball For Me (feat. Nicki Minaj)","Republic Records",8,45,96,"478333"
41,"spotify:track:4hQ6UGyWQIGJmHSo0J88JW","Selena Gomez","Back To You - From 13 Reasons Why – Season 2 Soundtrack","UMGRI Interscope",15,39,82,"476774"
42,"spotify:track:0u2P5u6lvoDfwTYjAADbn4","Billie Eilish, Khalid","lovely (with Khalid)","Darkroom",18,41,103,"475768"
43,"spotify:track:1rqqCSm0Qe4I9rUvWncaom","Panic! At The Disco","High Hopes","DCD2 / Fueled By Ramen",33,43,50,"470650"
44,"spotify:track:75ZvA4QfFiZvzhj2xkaWAh","Post Malone","I Fall Apart","Universal Records",2,44,319,"468518"
45,"spotify:track:6e2PtJYcltVk76nLwxBzRn","Logic, Ryan Tedder","One Day (feat. Ryan Tedder)","Def Jam Recordings",20,36,5,"466757"
46,"spotify:track:3V8UKqhEK5zBkBb6d6ub8i","Nio Garcia, Casper Magico, Bad Bunny, Darell, Ozuna, Nicky Jam","Te Boté - Remix","2018 Flow La Movie, Inc.",35,46,107,"464629"
47,"spotify:track:4j3GWI86JvSaF0BLdmgcfF","Childish Gambino","Summertime Magic","Wolf+Rothstein/RCA Records",6,42,21,"460133"
48,"spotify:track:3GVkPk8mqxz0itaAriG1L7","XXXTENTACION","Everybody Dies In Their Nightmares","Bad Vibes Forever / EMPIRE",6,49,336,"444101"
49,"spotify:track:5SxkdsY1ufZzoq9iXceLw9","Ariana Grande","no tears left to cry","Republic Records",6,50,103,"437512"
50,"spotify:track:1ZAyjvIk9YiD76yYy0TEG6","Rich The Kid","Plug Walk","Rich The Kid / (TDE/ISR PS)",6,48,173,"429212"
51,"spotify:track:7IBSffWIu7P2MC7kMwy2FM","Wiz Khalifa, Swae Lee","Hopeless Romantic (feat. Swae Lee)","Taylor Gang/Atlantic",29,53,28,"426535"
52,"spotify:track:3qnoOm4fwZPBS116f5hpgF","Kanye West","All Mine","Getting Out Our Dreams, Inc./Def Jam Recordings",1,54,60,"404095"
53,"spotify:track:45Egmo7icyopuzJN0oMEdk","Khalid, Normani","Love Lies (with Normani)","RCA Records Label",8,55,166,"403050"
54,"spotify:track:5PTG6rrL6EPFD9E2QMI2pl","Famous Dex","JAPAN","300 Entertainment",11,57,138,"394657"
55,"spotify:track:0kHyKhJMukHEPfeh8s7rdM","Kygo, Imagine Dragons","Born To Be Yours","Kygo & Imagine Dragons",40,52,47,"393085"
56,"spotify:track:7sO5G9EABYOXQKNPNiE9NR","Offset, Metro Boomin","Ric Flair Drip (with Metro Boomin)","Slaughter Gang, LLC/Epic/Quality Control Music/Motown/Capitol/Boominati Worldwide/Republic",4,58,274,"390230"
57,"spotify:track:4zIO3ilp5HvTeK3HJHxhMP","Imagine Dragons","Natural","Kid Ina Korner / Interscope",53,61,12,"384212"
58,"spotify:track:6Hgh47WXVKtXN5zGOu0hjI","Khalid, 6LACK, Ty Dolla $ign","OTW","Right Hand Music Group, LLC/RCA Records",17,64,103,"382525"
59,"spotify:track:7ef4DlsgrMEH11cDZd32M6","Calvin Harris, Dua Lipa","One Kiss (with Dua Lipa)","Sony Music UK",17,60,117,"376644"
60,"spotify:track:1ZEm9cJC05rawV2tptNfTS","Nicki Minaj, Ariana Grande","Bed (feat. Ariana Grande)","Young Money/Cash Money Records",20,51,48,"375692"
61,"spotify:track:0E9ZjEAyAwOXZ7wJC0PD33","Dynoro, Gigi D'Agostino","In My Mind","Columbia/B1 Recordings",61,67,8,"374798"
62,"spotify:track:7GX5flRQZVHRAGd6B4TmDO","Lil Uzi Vert","XO Tour Llif3","Generation Now/Atlantic",1,66,495,"369862"
63,"spotify:track:4UKCKdYiLN6IMA5ZESUTL7","XXXTENTACION","the remedy for a broken heart (why am I so in love)","Bad Vibes Forever, LLC",8,62,105,"365313"
64,"spotify:track:7uzmGiiJyRfuViKKK3lVmR","Bazzi","Mine","iamcosmic",3,65,198,"362731"
65,"spotify:track:42fw0rxRO2xbesF6mJfd4Y","Dan + Shay","Tequila","Warner Records",48,59,158,"354985"
66,"spotify:track:0b9oOr2ZgvyQu88wzixux9","Childish Gambino","This Is America","Wolf+Rothstein/RCA Records",1,68,87,"351054"
67,"spotify:track:4e4fqjx0Izh4svvTef1z7e","Bebe Rexha, Florida Georgia Line","Meant to Be (feat. Florida Georgia Line)","Warner Bros.",15,69,326,"350978"
68,"spotify:track:6eYxmK9fdL4hwLnXG2zY3s","XXXTENTACION","Look At Me!","Bad Vibes Forever / EMPIRE",20,71,410,"348768"
69,"spotify:track:0E6PsO3ymCfUh7pJQjBgkj","The Carters","APESHIT","Roc Nation – JAY-Z Duet",21,63,44,"348464"
70,"spotify:track:32lItqlMi4LBhb4k0BaSaC","Post Malone","Candy Paint","Republic Records",4,73,432,"346787"
71,"spotify:track:2ZRo7axmMPeSVUvDbGkJah","XXXTENTACION","Hope","Bad Vibes Forever, LLC",10,70,79,"346400"
72,"spotify:track:6n4U3TlzUGhdSFbUUhTvLP","Migos, Drake","Walk It Talk It","Quality Control Music, LLC",3,75,187,"342378"
73,"spotify:track:1BuZAIO8WZpavWVbbq3Lci","Rae Sremmurd, Swae Lee, Slim Jxmmi, Juicy J","Powerglide (feat. Juicy J) - From SR3MM","Mike WiLL Made-It",15,77,153,"337686"
74,"spotify:track:09IStsImFySgyp0pIQdqAc","Zedd, Maren Morris, Grey","The Middle","UMGRI Interscope",5,76,188,"337133"
75,"spotify:track:4P92FrvmYQSAfOpp4cpFEi","Florida Georgia Line","Simple","BMLG Records",50,74,61,"336069"
76,"spotify:track:1RagpNpkD3KcjXMLGMe99V","Wiz Khalifa, Lil Skies","Fr Fr (feat. Lil Skies)","Taylor Gang/Atlantic",45,72,19,"334146"
77,"spotify:track:3EApebexZ7YqDIqw2EMTDh","Chance the Rapper","I Might Need Security","Chance the Rapper",7,56,13,"331067"
78,"spotify:track:2BJSMvOGABRxokHKB0OI8i","Playboi Carti, Lil Uzi Vert","Shoota (feat. Lil Uzi Vert)","AWGE Label",23,82,82,"330529"
79,"spotify:track:04ZTP5KsCypmtCmQg5tH9R","Bebe Rexha","I'm a Mess","Warner Bros.",79,79,40,"321562"
80,"spotify:track:07FkzikE6FuHIa8Ma7zJGc","NF","Lie","NF Real Music",59,78,24,"317439"
81,"spotify:track:7oJrVhiTPZGBXWPwhxjy9S","Lil Skies","Lust","All We Got Ent.",76,81,177,"314365"
82,"spotify:track:1Knctxx9vGZxpZfF66BIEa","Juice WRLD","Legends","Juice WRLD / Interscope PS",67,80,40,"309625"
83,"spotify:track:3ZhTT6yjZwpPph5MIJ53XY","Lil Skies, Landon Cube","Red Roses (feat. Landon Cube)","All We Got Ent.",36,83,211,"308522"
84,"spotify:track:6nO3tr47nr2P7f3hXb8JIo","NAV, Travis Scott","Champion (feat. Travis Scott)","Republic Records",47,99,75,"305260"
85,"spotify:track:3a1lNhkSLSkpJE4MSHpDu9","Post Malone, Quavo","Congratulations","Universal Records",5,92,577,"299015"
86,"spotify:track:2u7mxWSeoqTXndK5e08jMp","Lil Skies, Landon Cube","Nowadays (feat. Landon Cube)","All We Got Ent.",24,85,214,"298531"
87,"spotify:track:2bSk87AVkCIIC3Bcligq1z","Lil Baby, Gunna, Lil Uzi Vert","Life Goes On","Quality Control Music, LLC",87,108,75,"296426"
88,"spotify:track:6gBFPUFcJLzWGx4lenP6h2","Travis Scott","goosebumps","Epic/Grand Hustle",16,94,577,"296261"
89,"spotify:track:29tc0GbW0pTSBZSCZF3NWk","Juice WRLD","Lean Wit Me","Juice WRLD Mixtape / ISR P&D",78,84,70,"295875"
90,"spotify:track:7KXjTSCq5nL1LoYtL7XAwS","Kendrick Lamar","HUMBLE.","Aftermath",1,88,488,"293776"
91,"spotify:track:5S1IUPueD0xE0vj4zU3nSf","2 Chainz, Drake, Quavo","Bigger Than You (feat. Drake & Quavo)","Def Jam Recordings",14,87,47,"292848"
92,"spotify:track:3DoBTwfr8yi2LN08SBpFkN","Travis Scott, Lil Uzi Vert, Kanye West","Watch (feat. Lil Uzi Vert & Kanye West)","Epic/Grand Hustle/Cactus Jack",2,105,89,"291520"
93,"spotify:track:1gm616Plq4ScqNi7TVkZ5N","The Weeknd","Call Out My Name","Universal Republic Records",1,96,124,"289655"
94,"spotify:track:1dUHF4RyMmMTveJ0Rby6Xm","Drake","Can’t Take A Joke","Cash Money/Drake LP6",9,86,33,"288639"
95,"spotify:track:2ijef6ni2amuunRoKTlgww","Becky G, Natti Natasha","Sin Pijama","Sony Music Latin",91,91,40,"286818"
96,"spotify:track:4F1yvJfQ7gJkrcgFJQDjOr","KYLE, Kehlani","Playinwitme (feat. Kehlani)","independently popular.",21,98,128,"285781"
97,"spotify:track:3T4UodGkfZObJ43RtA5KFU","OneRepublic","Connection","Mosley / Interscope",75,93,24,"285559"
98,"spotify:track:0dSIrRkA4PadGll16TgbnV","Famous Dex, A$AP Rocky","PICK IT UP (feat. A$AP Rocky)","300 Entertainment",13,100,278,"284495"
99,"spotify:track:6JjPBQfI2Y8nIjnm65X6Pw","Nicky Jam, J Balvin, Maluma, Ozuna","X (feat. Maluma & Ozuna) - Remix","Sony Music Latin",77,95,28,"284209"
100,"spotify:track:4H7WNRErSbONkM06blBoGc","Post Malone","Stay","Republic Records",4,97,96,"283732"
101,"spotify:track:5Psnhdkyanjpgc2P8A5TSM","Drake","Emotionless","Cash Money/Drake LP6",2,90,33,"282223"
102,"spotify:track:40oKW22ZNNkEdZLJTScaQI","Kodak Black, XXXTENTACION","Roll in Peace (feat. XXXTENTACION)","Atlantic Records",21,101,339,"277434"
103,"spotify:track:51rXHuKN8Loc4sUlKPODgH","Jay Rock, Kendrick Lamar, Future, James Blake","King's Dead (with Kendrick Lamar, Future & James Blake)","Black Panther (TDE/DMG) PS",7,106,201,"277219"
104,"spotify:track:0STK94RxUulYqWzwFlyAb5","Demi Lovato","Sober","Island Records",38,89,14,"276944"
105,"spotify:track:63SevszngYpZOwf63o61K4","Dennis Lloyd","Nevermind","WM Italy",31,111,140,"274332"
106,"spotify:track:1zB4vmk8tFRmM9UULNzbLB","Imagine Dragons","Thunder","Kid Ina Korner / Interscope",16,107,460,"273262"
107,"spotify:track:6kp0inxIexxSiDJfWqq0ZL","6ix9ine, DJ SpinKing","TATI","Scumgang Records/TenThousand Projects, LLC",19,103,66,"272654"
108,"spotify:track:3szf2z1Cy1QMrtHrbn8rz9","Drake","Elevate","Cash Money/Drake LP6",4,102,33,"270117"
109,"spotify:track:3fpVWegR6YOS1Yk5HSMYIq","Post Malone","Paranoid","Republic Records",1,115,96,"269218"
110,"spotify:track:08bNPGLD8AhKpnnERrAc6G","Marshmello, Anne-Marie","FRIENDS","Atlantic Records UK",15,104,173,"269090"
111,"spotify:track:3GCdLUSnKSMJhs4Tj6CV3s","Kendrick Lamar, SZA","All The Stars (with SZA)","Black Panther (TDE/DMG) PS",2,118,209,"267977"
112,"spotify:track:10Igtw8bSDyyFs7KIsKngZ","Lil Dicky, Chris Brown","Freaky Friday (feat. Chris Brown)","Commission/BMG",5,109,139,"266477"
113,"spotify:track:2VdT56BGpdqNHUgOe1j5vc","Post Malone","Rich & Sad","Republic Records",5,113,96,"266343"
114,"spotify:track:1rfofaqEpACxVEHIZBJe6W","Camila Cabello, Young Thug","Havana (feat. Young Thug)","Syco Music/Epic",2,114,361,"265989"
115,"spotify:track:5Z3GHaZ6ec9bsiI5BenrbY","Khalid","Young Dumb & Broke","Right Hand Music Group, LLC/RCA Records",5,112,483,"264592"
116,"spotify:track:6EGAfJaLUFzhS4zRBIEQ2J","Jason Aldean","You Make It Easy","Broken Bow Records",70,128,185,"262873"
117,"spotify:track:6SFStUDQZNaGPKWOx9ZiJB","Anne-Marie","2002","Atlantic Records UK",74,116,96,"262624"
118,"spotify:track:2lYTJK94hb0fd1LQtb6Dhk","David Guetta, Anne-Marie","Don't Leave Me Alone (feat. Anne-Marie)","Parlophone (France)",65,127,5,"261162"
119,"spotify:track:2fQrGHiQOvpL9UgPvtYy6G","21 Savage","Bank Account","Slaughter Gang, LLC/Epic Records",1,123,390,"261088"
120,"spotify:track:152lZdxL1OR0ZMW6KquMif","Khalid","Location","Right Hand Music Group, LLC/RCA Records",9,119,576,"258764"
121,"spotify:track:01TnVDiet1DFTsyWKUKovl","XXXTENTACION","NUMB","Bad Vibes Forever, LLC",9,120,79,"256556"
122,"spotify:track:2UVbBKQOdFAekPTRsnkzcf","Migos","Stir Fry","Quality Control Music, LLC",2,124,222,"256369"
123,"spotify:track:0pqnGHJpmpxLKifKRmU6WP","Imagine Dragons","Believer","Kid Ina Korner / Interscope",9,122,545,"255269"
124,"spotify:track:3yAVrwXhueRFZMUjxkh2ia","Rich The Kid","Leave Me","Rich The Kid / (TDE/ISR PS)",81,110,12,"253770"
125,"spotify:track:2iWEpiPiIPf5D4f2UGBlrZ","YBN Nahmir","Bounce Out With That","2018",27,126,180,"253146"
126,"spotify:track:1HXy5I3HTWq8OvxCn0z7G7","Kane Brown","Heaven","RCA Records Label Nashville",51,125,198,"249018"
127,"spotify:track:447yWcDPg1ddgcHBLGpJC0","Louis The Child, Wafia","Better Not (with Wafia)","Louis The Child / Interscope",79,121,58,"248762"
128,"spotify:track:1yxgsra98r3qAtxqiGZPiX","Travis Scott","BUTTERFLY EFFECT","Cactus Jack / Epic / Grand Hustle",9,134,438,"248238"
129,"spotify:track:4vaxvNDaLSoD36iZX515ug","Lil Xan","Betrayed","Columbia",21,132,289,"248124"
130,"spotify:track:0wbnC9AUenxp613TYaJsGK","Migos","Narcos","Quality Control Music, LLC",2,130,148,"247350"
131,"spotify:track:7ms3VzLTfr7fXNOqA4Mkx9","Lil Skies, Rich The Kid","Creeping (feat. Rich the Kid)","All We Got Ent.",58,129,106,"246292"
132,"spotify:track:2r4JRwcbIeuAzWjH4YXlLs","Kanye West","Yikes","Getting Out Our Dreams, Inc./Def Jam Recordings",3,133,60,"242882"
133,"spotify:track:2VIPU72L6tIR4w8J8ap6Kp","Brett Young","Mercy","Big Machine Label Group, LLC",133,153,7,"239099"
134,"spotify:track:5VuxWXbt7XENQCtE9TzpTv","Post Malone, Swae Lee","Spoil My Night (feat. Swae Lee)","Republic Records",3,135,96,"238879"
135,"spotify:track:3fEpuoSr8ufvyRR7s2jB3U","DJ Durel, Migos","Hot Summer","Quality Control Music, LLC",75,117,5,"238688"
136,"spotify:track:41zXlQxzTi6cGAjpOXyLYH","Billie Eilish","idontwannabeyouanymore","Darkroom",135,136,18,"238410"
137,"spotify:track:4dVpf9jZjcORqGTLUaeYj9","A$AP Ferg","Plain Jane","RCA Records Label",6,149,340,"237956"
138,"spotify:track:2P91MQbaiQOfbiz9VqhqKQ","Lauv","I Like Me Better","Lauv",30,139,418,"237531"
139,"spotify:track:5Cg98kiDYtCEHmjcKD0CJD","Lil Skies, Yung Pinch","I Know You (feat. Yung Pinch)","All We Got Ent.",78,151,53,"237348"
140,"spotify:track:6KBYefIoo7KydImq1uUQlL","Cardi B","Bodak Yellow","Atlantic/KSR",2,141,376,"236578"
141,"spotify:track:5tz69p7tJuGPeMGwNTxYuV","Logic, Alessia Cara, Khalid","1-800-273-8255","Def Jam Recordings",1,140,460,"235790"
142,"spotify:track:7DrluKkTviBwCc8AV3VGmf","Shakira, Maluma","Clandestino","Sony Music Latin",126,143,12,"234380"
143,"spotify:track:6f5i916F3jU6BhOOD7iGqf","MadeinTYO, A$AP Ferg","Ned Flanders (feat. A$AP Ferg)","Commission/BMG",130,138,18,"234110"
144,"spotify:track:3EPXxR3ImUwfayaurPi3cm","Dean Lewis","Be Alright","Universal Music Australia Pty. Ltd.",144,144,2,"233775"
145,"spotify:track:4n1bdaKwynQndm47x5HqWX","Drake","Blue Tint","Cash Money/Drake LP6",18,137,33,"233478"
146,"spotify:track:7qiZfU4dY1lWllzX7mPBI3","Ed Sheeran","Shape of You","Atlantic Records UK",1,142,572,"232468"
147,"spotify:track:7yotKA30dwTKNEGomV9ZsI","J. Cole","KOD","J. Cole P&D",1,145,103,"231508"
148,"spotify:track:2rxQMGVafnNaRaXlRMWPde","Luke Combs","Beautiful Crazy","River House Artists/Columbia Nashville",103,150,62,"228531"
149,"spotify:track:7hDVYcQq6MxkdJGweuCtl9","Billie Eilish","ocean eyes","Darkroom",65,147,58,"227837"
150,"spotify:track:52okn5MNA47tk87PeZJLEL","NF","Let You Down","NF Real Music",9,146,303,"226026"
151,"spotify:track:1D2L6MefbXon28PzIk9I3r","Post Malone","92 Explorer","Republic Records",14,154,96,"224600"
152,"spotify:track:6NFyWDv5CjfwuzoCkw47Xf","Taylor Swift","Delicate","Big Machine Records, LLC",20,158,173,"224596"
153,"spotify:track:2374M0fQpWi3dLnB54qaLX","TOTO","Africa","Columbia",126,148,104,"224226"
154,"spotify:track:2DQ1ITjI0YoLFzuADN1ZBW","G-Eazy, A$AP Rocky, Cardi B","No Limit","BPG/RVG/RCA Records",2,175,327,"223883"
155,"spotify:track:6PGoSes0D9eUDeeAafB2As","Kendrick Lamar, Zacari","LOVE. FEAT. ZACARI.","Aftermath",5,157,474,"222096"
156,"spotify:track:3Du2K5dLzmduCNp6uwuaL0","Demi Lovato","Sorry Not Sorry","Island Records",6,163,372,"221711"
157,"spotify:track:3QybPutx0Tjk472bBKjNWn","Sheck Wes","Mo Bamba","Cactus Jack Records/ G.O.O.D. Music/ Interscope Records",119,131,5,"221034"
158,"spotify:track:2LNMhZ3YijTO7USmqjgJfG","Denzel Curry","CLOUT COBAIN | CLOUT CO13A1N","Concord Loma Vista",133,156,6,"220358"
159,"spotify:track:2eAZfqOm4EnOF9VvN50Tyc","Lil Uzi Vert, Oh Wonder","The Way Life Goes (feat. Oh Wonder)","Generation Now/Atlantic",4,177,339,"218616"
160,"spotify:track:76cy1WJvNGJTj78UqeA5zr","Dua Lipa","IDGAF","Warner Records",20,161,215,"218513"
161,"spotify:track:5qFeMRz4TvetPmzjre9Dq7","J Balvin, Zion & Lennox","No Es Justo","UMLE - Latino",150,167,25,"218308"
162,"spotify:track:4EAV2cKiqKP5UPZmY6dejk","Logic, Marshmello","Everyday","Def Jam Recordings",4,171,152,"217143"
163,"spotify:track:5de9Ho64dovuQI8Uhn5gPD","XXXTENTACION","I Don't Wanna Do This Anymore","Bad Vibes Forever / EMPIRE",27,160,39,"216768"
164,"spotify:track:2Yl4OmDby9iitgNWZPwxkd","Cardi B","Be Careful","Atlantic/KSR",9,165,124,"216333"
165,"spotify:track:7vGuf3Y35N4wmASOKLUVVU","Marshmello, Khalid","Silence","Joytime Collective/RCA Records",7,170,352,"215780"
166,"spotify:track:2ekn2ttSfGqwhhate0LSR0","Dua Lipa","New Rules","Warner Records",11,166,385,"215092"
167,"spotify:track:5yNEdBlZMxpcVtGKz5NFk5","The Chainsmokers, Emily Warren","Side Effects","Disruptor Records/Columbia",44,172,4,"214273"
168,"spotify:track:44KKhCyI0BGS6LvVyDqJtH","Lil Pump","Esskeetit","Warner Records",24,162,110,"213851"
169,"spotify:track:3B54sVLJ402zGa6Xm4YGNe","French Montana, Swae Lee","Unforgettable","Bad Boy Entertainment/Epic Records",1,179,481,"211784"
170,"spotify:track:0tgVpDi06FyKpA1z0VMD4v","Ed Sheeran","Perfect","Atlantic Records UK",11,169,430,"211776"
171,"spotify:track:1R0Ig5KYrSGWvIoPzY4T3l","Juice WRLD","Black & White","Juice WRLD Mixtape / ISR P&D",166,168,44,"209971"
172,"spotify:track:21YnmkSDhUkmkkni22Svc4","Shawn Mendes","In My Blood","Island Records",5,173,132,"209869"
173,"spotify:track:3i01Zk9c0FQ5HA1WJjflXI","Cordae","Kung Fu","YBN Cordae",147,159,4,"208881"
174,"spotify:track:6g1lGlApRBJD8pPNmMgQ9Z","6LACK","Switch","LVRN Records",144,194,4,"207517"
175,"spotify:track:7BKLCZ1jbUBVqRi2FVlTVw","The Chainsmokers, Halsey","Closer","Disruptor Records/Columbia",4,176,499,"206726"
176,"spotify:track:0ibOcbkp2XG46Do8jcy0bL","Smokepurpp, Lil Pump","Nephew (feat. Lil Pump)","Alamo",137,164,4,"206058"
177,"spotify:track:4wFjTWCunQFKtukqrNijEt","Migos, Nicki Minaj, Cardi B","MotorSport","Quality Control Music, LLC",6,186,276,"204815"
178,"spotify:track:3JJYIoJ5FyY9E0DGjr7SXF","Lauv","Enemies","Lauv",94,178,36,"204791"
179,"spotify:track:7mldq42yDuxiUNn08nvzHO","Sam Hunt","Body Like A Back Road","MCA Nashville",12,182,541,"203507"
180,"spotify:track:4RVbK6cV0VqWdpCDcx3hiT","KIDS SEE GHOSTS","Reborn","Getting Out Our Dreams, Inc./Def Jam Recordings",5,181,54,"203217"
181,"spotify:track:4eWQlBRaTjPPUlzacqEeoQ","Camila Cabello","Never Be the Same","Syco Music/Epic",5,183,233,"203105"
182,"spotify:track:5KhFaq45chTw8RGfWo8T8J","6ix9ine","BILLY","ScumGang Records / TenThousand Projects",24,188,77,"202904"
183,"spotify:track:2yZax79pOrYuyIFVW2cZY2","XXXTENTACION","Carry On","Bad Vibes Forever / EMPIRE",18,189,88,"201972"
184,"spotify:track:6Qn5zhYkTa37e91HC1D7lb","Imagine Dragons","Whatever It Takes","Kid Ina Korner / Interscope",42,193,163,"201219"
185,"spotify:track:5TXDeTFVRVY7Cvt0Dw4vWW","XXXTENTACION","Revenge","Bad Vibes Forever / EMPIRE",16,185,103,"201215"
186,"spotify:track:2EgB4n6XyBsuNUbuarr4eG","Rich The Kid, Kendrick Lamar","New Freezer (feat. Kendrick Lamar)","Rich The Kid / (TDE/ISR PS)",25,184,308,"200634"
187,"spotify:track:62vpWI1CHwFy7tMIcSStl8","J. Cole","No Role Modelz","Roc Nation Records LLC",64,199,547,"199856"
188,"spotify:track:4HG1YiGBseVKzjyKcmAJen","Drake","Summer Games","Cash Money/Drake LP6",15,187,33,"198098"
189,"spotify:track:09IOPhEh1OMe0HD9b36FJk","Post Malone","Over Now","Republic Records",6,-1,92,"197062"
190,"spotify:track:1QRJb5VY3sIkCKcTuIKCrk","YBN Nahmir","Rubbin off the Paint","M.M.M.",47,192,253,"196795"
191,"spotify:track:68449VKGwYShObwI2UFdFt","Rich The Kid, Quavo, Offset","Lost It (feat. Quavo & Offset)","Rich The Kid / (TDE/ISR PS)",81,190,9,"196328"
192,"spotify:track:1XRgIKC5TPwo7nWGyKqgG0","Gucci Mane, Migos","I Get the Bag (feat. Migos)","Guwop Enterprises/Atlantic",7,-1,333,"195282"
193,"spotify:track:4OBZT9EnhYIV17t4pGw7ig","H.E.R., Daniel Caesar","Best Part (feat. Daniel Caesar)","MBK Entertainment/RCA Records",127,-1,86,"194946"
194,"spotify:track:5PIfH6BzcmH04RDmtzF0BN","YoungBoy Never Broke Again","Outside Today","Never Broke Again, LLC",74,196,178,"194922"
195,"spotify:track:49NhxprbG9oTtMunQCSXxA","Tory Lanez, Rich The Kid","TAlk tO Me (with Rich The Kid)","Mad Love/Interscope Records",195,-1,1,"194814"
196,"spotify:track:794QVQtFNy7hvtjQP1keQd","G-Eazy, Yo Gotti, YBN Nahmir","1942 (feat. Yo Gotti & YBN Nahmir)","BPG/RVG/RCA Records",33,-1,104,"194605"
197,"spotify:track:3mvYQKm8h6M5K5h0nVPY9S","Drake, Static Major, Ty Dolla $ign","After Dark (feat. Static Major & Ty Dolla $ign)","Cash Money/Drake LP6",23,-1,31,"194310"
198,"spotify:track:4HbiCvH1R7mVOJ7KY7JQBD","6ix9ine","GUMMO","ScumGang Records / TenThousand Projects",48,-1,173,"194289"
199,"spotify:track:3kxfsdsCpFgN412fpnW85Y","Childish Gambino","Redbone","Glassnote Entertainment Group LLC",8,-1,568,"194189"
200,"spotify:track:0dIoGTQXDh1wVnhIiSyYEa","Cardi B, 21 Savage","Bartier Cardi (feat. 21 Savage)","Atlantic/KSR",3,-1,218,"193713"
