rank,uri,artist_names,track_name,source,peak_rank,previous_rank,days_on_chart,streams
1,"spotify:track:7dt6x5M1jzdTEt8oCbisTK","Post Malone","Better Now","Republic Records",1,1,9,"2024256"
2,"spotify:track:1cTZMwcBJT0Ka3UJPXOeeN","Drake","Nice For What","Cash Money/Drake LP6",1,3,29,"2018686"
3,"spotify:track:3swc6WTsr7rl9DqQKQA55C","Post Malone, Ty Dolla $ign","Psycho (feat. Ty Dolla $ign)","Republic Records",1,4,72,"1762894"
4,"spotify:track:2XW4DbS6NddZxRPm5rMCeY","Drake","God's Plan","Cash Money/Drake LP6",1,7,106,"1510936"
5,"spotify:track:3fpVWegR6YOS1Yk5HSMYIq","Post Malone","Paranoid","Republic Records",1,5,9,"1408121"
6,"spotify:track:3DoBTwfr8yi2LN08SBpFkN","Travis Scott, Lil Uzi Vert, Kanye West","Watch (feat. Lil Uzi Vert & Kanye West)","Epic/Grand Hustle/Cactus Jack",2,2,2,"1250555"
7,"spotify:track:4H7WNRErSbONkM06blBoGc","Post Malone","Stay","Republic Records",4,6,9,"1227945"
8,"spotify:track:0e7ipj03S05BNilyu5bRzt","Post Malone, 21 Savage","rockstar (feat. 21 Savage)","Republic Records",1,10,233,"1226124"
9,"spotify:track:4qKcDkK6siZ7Jp1Jb4m0aL","BlocBoy JB, Drake","Look Alive (feat. Drake)","OVO Sound/Warner Records",2,12,86,"1209382"
10,"spotify:track:58q2HKrzhC3ozto2nDdN4z","Cardi B, Bad Bunny, J Balvin","I Like It","Atlantic/KSR",3,15,30,"1192048"
11,"spotify:track:2VdT56BGpdqNHUgOe1j5vc","Post Malone","Rich & Sad","Republic Records",5,8,9,"1169416"
12,"spotify:track:5VuxWXbt7XENQCtE9TzpTv","Post Malone, Swae Lee","Spoil My Night (feat. Swae Lee)","Republic Records",3,9,9,"1168008"
13,"spotify:track:6IaieqiCVvsNvEt6Y7yOFa","Post Malone, Nicki Minaj","Ball For Me (feat. Nicki Minaj)","Republic Records",8,11,9,"1066874"
14,"spotify:track:5SxkdsY1ufZzoq9iXceLw9","Ariana Grande","no tears left to cry","Republic Records",6,21,16,"1036423"
15,"spotify:track:3ee8Jmje8o58CHK66QrVC2","XXXTENTACION","SAD!","Bad Vibes Forever, LLC",2,22,65,"991760"
16,"spotify:track:09IOPhEh1OMe0HD9b36FJk","Post Malone","Over Now","Republic Records",6,13,9,"981026"
17,"spotify:track:5lZZmityu9TAjNvSY6GLhR","Post Malone","Zack And Codeine","Republic Records",7,14,9,"980012"
18,"spotify:track:32lItqlMi4LBhb4k0BaSaC","Post Malone","Candy Paint","Republic Records",4,18,345,"970077"
19,"spotify:track:7yotKA30dwTKNEGomV9ZsI","J. Cole","KOD","J. Cole P&D",1,20,16,"967274"
20,"spotify:track:6mAz8D1TmlTuef90dbNIiZ","Rich The Kid","Plug Walk","Rich The Kid / (TDE/ISR PS)",6,24,86,"918734"
21,"spotify:track:5ffntNJnJOeFv7b7DCd0Bw","Post Malone","Takin' Shots","Republic Records",9,16,9,"906945"
22,"spotify:track:688QpQAwqsLdBR6lr13wK1","Post Malone, G-Eazy, YG","Same Bitches (feat. G-Eazy & YG)","Republic Records",11,17,9,"902407"
23,"spotify:track:1D2L6MefbXon28PzIk9I3r","Post Malone","92 Explorer","Republic Records",14,19,9,"902176"
24,"spotify:track:6n4U3TlzUGhdSFbUUhTvLP","Migos, Drake","Walk It Talk It","Quality Control Music, LLC",3,28,100,"880238"
25,"spotify:track:1BuZAIO8WZpavWVbbq3Lci","Rae Sremmurd, Swae Lee, Slim Jxmmi, Juicy J","Powerglide (feat. Juicy J) - From SR3MM","Mike WiLL Made-It",15,25,66,"830212"
26,"spotify:track:10Igtw8bSDyyFs7KIsKngZ","Lil Dicky, Chris Brown","Freaky Friday (feat. Chris Brown)","Commission/BMG",5,29,52,"820294"
27,"spotify:track:7sO5G9EABYOXQKNPNiE9NR","Offset, Metro Boomin","Ric Flair Drip (with Metro Boomin)","Slaughter Gang, LLC/Epic/Quality Control Music/Motown/Capitol/Boominati Worldwide/Republic",4,33,187,"777325"
28,"spotify:track:5PTG6rrL6EPFD9E2QMI2pl","Famous Dex","JAPAN","300 Entertainment",11,31,51,"774341"
29,"spotify:track:4qWCFTuNnmGNdY4egtb4ZY","Post Malone","Otherside","Republic Records",14,23,9,"764115"
30,"spotify:track:1gm616Plq4ScqNi7TVkZ5N","The Weeknd","Call Out My Name","Universal Republic Records",1,30,37,"754605"
31,"spotify:track:6Hgh47WXVKtXN5zGOu0hjI","Khalid, 6LACK, Ty Dolla $ign","OTW","Right Hand Music Group, LLC/RCA Records",20,34,16,"745099"
32,"spotify:track:45Egmo7icyopuzJN0oMEdk","Khalid, Normani","Love Lies (with Normani)","RCA Records Label",8,35,79,"730069"
33,"spotify:track:1ZemPoaj7LBj1RAQrb89EC","Post Malone","Blame It On Me","Republic Records",16,26,9,"713985"
34,"spotify:track:2ARqIya5NAuvFVHSN3bL0m","Zedd, Maren Morris, Grey","The Middle","UMGRI Interscope",5,40,101,"685337"
35,"spotify:track:0MrRAUcB8AZiB9ue2VOBYe","Post Malone","Sugar Wraith","Republic Records",18,32,9,"651365"
36,"spotify:track:7ef4DlsgrMEH11cDZd32M6","Calvin Harris, Dua Lipa","One Kiss (with Dua Lipa)","Sony Music UK",17,47,30,"631547"
37,"spotify:track:6tZ3b7ik1QDXFAZlXib0YZ","J. Cole","Kevin’s Heart","J. Cole P&D",3,36,16,"627067"
38,"spotify:track:75ZvA4QfFiZvzhj2xkaWAh","Post Malone","I Fall Apart","Universal Records",2,38,232,"619356"
39,"spotify:track:7iDa6hUg2VgEL1o1HjmfBn","Bebe Rexha, Florida Georgia Line","Meant to Be (feat. Florida Georgia Line)","Warner Records",15,41,239,"614285"
40,"spotify:track:2Yl4OmDby9iitgNWZPwxkd","Cardi B","Be Careful","Atlantic/KSR",9,42,37,"609776"
41,"spotify:track:2UciqgwVDwro0fev3MFbxJ","J. Cole","ATM","J. Cole P&D",3,39,16,"589518"
42,"spotify:track:43cFjTTCD9Cni4aSL0sORz","KYLE, Kehlani","Playinwitme (feat. Kehlani)","independently popular.",26,46,41,"575636"
43,"spotify:track:7uzmGiiJyRfuViKKK3lVmR","Bazzi","Mine","iamcosmic",3,44,111,"574376"
44,"spotify:track:08bNPGLD8AhKpnnERrAc6G","Marshmello, Anne-Marie","FRIENDS","Atlantic Records UK",15,52,86,"573091"
45,"spotify:track:51rXHuKN8Loc4sUlKPODgH","Jay Rock, Kendrick Lamar, Future, James Blake","King's Dead (with Kendrick Lamar, Future & James Blake)","Black Panther (TDE/DMG) PS",7,48,114,"569442"
46,"spotify:track:2UVbBKQOdFAekPTRsnkzcf","Migos","Stir Fry","Quality Control Music, LLC",2,53,135,"566649"
47,"spotify:track:3Wf2YGdYT8xVdNsQSoRKk9","Shawn Mendes, Khalid","Youth (feat. Khalid)","Island Records",27,27,3,"553957"
48,"spotify:track:0JP9xo3adEtGSdUEISiszL","XXXTENTACION","Moonlight","Bad Vibes Forever, LLC",5,49,51,"546613"
49,"spotify:track:1oUudyBYVGMIC8JXeIsFzq","Rae Sremmurd, Swae Lee, Slim Jxmmi, Travis Scott","CLOSE (feat. Travis Scott) - From SR3MM","Mike WiLL Made-It",37,37,17,"539664"
50,"spotify:track:1AT4xjNarTswd0UZ5FlmKF","J. Cole","Motiv8","J. Cole P&D",4,43,16,"531401"
51,"spotify:track:2HGymMoOdB4ZYv0AAqYmgF","Mason Ramsey","Famous","Atlantic/Big Loud Records",35,51,9,"524940"
52,"spotify:track:3GCdLUSnKSMJhs4Tj6CV3s","Kendrick Lamar, SZA","All The Stars (with SZA)","Black Panther (TDE/DMG) PS",2,56,122,"515090"
53,"spotify:track:2gTYVoQCUh0QNUaFix01ld","Nicki Minaj","Chun-Li","Young Money/Cash Money Records",18,62,24,"485702"
54,"spotify:track:44KKhCyI0BGS6LvVyDqJtH","Lil Pump","Esskeetit","Warner Records",24,59,23,"485287"
55,"spotify:track:7GX5flRQZVHRAGd6B4TmDO","Lil Uzi Vert","XO Tour Llif3","Generation Now/Atlantic",1,57,408,"475946"
56,"spotify:track:7EulRO07ZgchxqKUHb8Pvc","J. Cole","1985 - Intro to “The Fall Off”","J. Cole P&D",6,55,16,"475556"
57,"spotify:track:3uYDO9dPLTVrgfwg7EYXSf","Kanye West","Lift Yourself","Rock The World/IDJ/Kanye LP7",39,50,6,"465977"
58,"spotify:track:0R6Jlsq25eZB3Wftpxi3oF","Post Malone","Jonestown (Interlude)","Republic Records",19,54,9,"444257"
59,"spotify:track:0dSIrRkA4PadGll16TgbnV","Famous Dex, A$AP Rocky","PICK IT UP (feat. A$AP Rocky)","300 Entertainment",13,60,191,"438725"
60,"spotify:track:794QVQtFNy7hvtjQP1keQd","G-Eazy, Yo Gotti, YBN Nahmir","1942 (feat. Yo Gotti & YBN Nahmir)","BPG/RVG/RCA Records",33,64,23,"422523"
61,"spotify:track:3ZhTT6yjZwpPph5MIJ53XY","Lil Skies, Landon Cube","Red Roses (feat. Landon Cube)","All We Got Ent.",36,63,124,"408074"
62,"spotify:track:3a1lNhkSLSkpJE4MSHpDu9","Post Malone, Quavo","Congratulations","Universal Records",5,66,490,"407169"
63,"spotify:track:3V8UKqhEK5zBkBb6d6ub8i","Nio Garcia, Casper Magico, Bad Bunny, Darell, Ozuna, Nicky Jam","Te Boté - Remix","2018 Flow La Movie, Inc.",63,75,20,"405723"
64,"spotify:track:7KXjTSCq5nL1LoYtL7XAwS","Kendrick Lamar","HUMBLE.","Aftermath",1,69,401,"399423"
65,"spotify:track:0dIoGTQXDh1wVnhIiSyYEa","Cardi B, 21 Savage","Bartier Cardi (feat. 21 Savage)","Atlantic/KSR",3,73,135,"398459"
66,"spotify:track:2qcG0nZ6S3zZV0UrkY5nFo","Cardi B, Migos","Drip (feat. Migos)","Atlantic/KSR",9,71,32,"395402"
67,"spotify:track:0bhnUFDQFCEHCBlsQfHnj5","J. Cole","Photograph","J. Cole P&D",2,58,16,"395145"
68,"spotify:track:63SevszngYpZOwf63o61K4","Dennis Lloyd","Nevermind","WM Italy",31,86,53,"391573"
69,"spotify:track:39N9RPD9MRb5WmoLzNzPeA","Nicky Jam, J Balvin","X","Sony Music Latin",38,84,65,"391143"
70,"spotify:track:1HXy5I3HTWq8OvxCn0z7G7","Kane Brown","Heaven","RCA Records Label Nashville",51,88,111,"388928"
71,"spotify:track:6KBYefIoo7KydImq1uUQlL","Cardi B","Bodak Yellow","Atlantic/KSR",2,82,289,"379612"
72,"spotify:track:1rfofaqEpACxVEHIZBJe6W","Camila Cabello, Young Thug","Havana (feat. Young Thug)","Syco Music/Epic",2,95,274,"377181"
73,"spotify:track:79jX8RM5CgPqDKdGEKNW9K","Shawn Mendes","In My Blood","Island Records",5,68,45,"374358"
74,"spotify:track:5Z3GHaZ6ec9bsiI5BenrbY","Khalid","Young Dumb & Broke","Right Hand Music Group, LLC/RCA Records",5,78,396,"370478"
75,"spotify:track:4dVpf9jZjcORqGTLUaeYj9","A$AP Ferg","Plain Jane","RCA Records Label",6,74,253,"369731"
76,"spotify:track:0TCnOEVeLQMXOUrpPlM7uY","Rae Sremmurd, Swae Lee, Slim Jxmmi","Guatemala - From Swaecation","Mike WiLL Made-It",45,70,24,"369101"
77,"spotify:track:7m9OqQk4RVRkw9JJdeAw96","XXXTENTACION","Jocelyn Flores","Bad Vibes Forever / EMPIRE",3,72,254,"367954"
78,"spotify:track:2fQrGHiQOvpL9UgPvtYy6G","21 Savage","Bank Account","Slaughter Gang, LLC/Epic Records",1,90,303,"363425"
79,"spotify:track:6gBFPUFcJLzWGx4lenP6h2","Travis Scott","goosebumps","Epic/Grand Hustle",16,76,490,"363242"
80,"spotify:track:6xTU6B6nFwKKTSZ9ySXS80","Kygo, Miguel","Remind Me to Forget","Kygo",54,98,51,"363108"
81,"spotify:track:4EAV2cKiqKP5UPZmY6dejk","Logic, Marshmello","Everyday","Def Jam Recordings",4,79,65,"363073"
82,"spotify:track:0eHCArTPhwUxatY7cEXRiK","Rich The Kid, Kendrick Lamar","New Freezer (feat. Kendrick Lamar)","Rich The Kid / (TDE/ISR PS)",25,81,221,"361897"
83,"spotify:track:0u2P5u6lvoDfwTYjAADbn4","Billie Eilish, Khalid","lovely (with Khalid)","Darkroom",54,89,16,"359237"
84,"spotify:track:1f5PNhkNgUpvDEeZfcIlO1","Cardi B, SZA","I Do (feat. SZA)","Atlantic/KSR",11,85,30,"354577"
85,"spotify:track:4ofvoCdXq99vpMZO4Cfp8x","The Weeknd, Kendrick Lamar","Pray For Me","Universal Republic Records",3,91,93,"348319"
86,"spotify:track:7AFASza1mXqntmGtbxXprO","XXXTENTACION","changes","Bad Vibes Forever, LLC",13,83,65,"342408"
87,"spotify:track:2og9I9rQwr2XdTLJUupfT1","NOTD, Bea Miller","I Wanna Know (feat. Bea Miller)","Universal Music AB",44,110,27,"341461"
88,"spotify:track:7Il2yWQmsqKgSkLQvHTPUI","Dan + Shay","Tequila","Warner Records",48,87,71,"340936"
89,"spotify:track:2u7mxWSeoqTXndK5e08jMp","Lil Skies, Landon Cube","Nowadays (feat. Landon Cube)","All We Got Ent.",24,80,127,"337838"
90,"spotify:track:5PIfH6BzcmH04RDmtzF0BN","YoungBoy Never Broke Again","Outside Today","Never Broke Again, LLC",74,96,91,"337104"
91,"spotify:track:7AQim7LbvFVZJE3O8TYgf2","XXXTENTACION, Trippie Redd","Fuck Love (feat. Trippie Redd)","Bad Vibes Forever / EMPIRE",7,93,254,"334518"
92,"spotify:track:1yxgsra98r3qAtxqiGZPiX","Travis Scott","BUTTERFLY EFFECT","Cactus Jack / Epic / Grand Hustle",9,94,351,"333898"
93,"spotify:track:152lZdxL1OR0ZMW6KquMif","Khalid","Location","Right Hand Music Group, LLC/RCA Records",9,104,489,"329938"
94,"spotify:track:0OWZFobGSIW9GrSlQ9C5pc","Thomas Rhett","Marry Me","The Valory Music Co.",52,119,142,"327282"
95,"spotify:track:6PGoSes0D9eUDeeAafB2As","Kendrick Lamar, Zacari","LOVE. FEAT. ZACARI.","Aftermath",5,103,387,"325472"
96,"spotify:track:6EGAfJaLUFzhS4zRBIEQ2J","Jason Aldean","You Make It Easy","Broken Bow Records",70,106,98,"325218"
97,"spotify:track:4eWQlBRaTjPPUlzacqEeoQ","Camila Cabello","Never Be the Same","Syco Music/Epic",5,102,149,"324449"
98,"spotify:track:5lZsh9Qf7CbHI9Fcc7Zcsq","YBN Nahmir","Bounce Out With That","2018",27,97,93,"323286"
99,"spotify:track:4wFjTWCunQFKtukqrNijEt","Migos, Nicki Minaj, Cardi B","MotorSport","Quality Control Music, LLC",6,114,191,"322874"
100,"spotify:track:55S2PQgSMYAhgoTCcGCDfw","5 Seconds of Summer","Youngblood","Capitol",65,105,22,"322814"
101,"spotify:track:0w7IgpqkxKyRBTqGuQbZNp","Desiigner","Priice Tag","Getting Out Our Dreams Inc. (G.O.O.D.) Music / IDJ",101,118,2,"320695"
102,"spotify:track:2DQ1ITjI0YoLFzuADN1ZBW","G-Eazy, A$AP Rocky, Cardi B","No Limit","BPG/RVG/RCA Records",2,116,240,"319025"
103,"spotify:track:3Vo4wInECJQuz9BIBMOu8i","Bruno Mars, Cardi B","Finesse - Remix; feat. Cardi B","Atlantic Records",2,122,122,"316424"
104,"spotify:track:4vaxvNDaLSoD36iZX515ug","Lil Xan","Betrayed","Columbia",21,109,202,"308338"
105,"spotify:track:40oKW22ZNNkEdZLJTScaQI","Kodak Black, XXXTENTACION","Roll in Peace (feat. XXXTENTACION)","Atlantic Records",22,111,261,"307494"
106,"spotify:track:5TVirkSwFEXF1nLJEebe2I","Bazzi","Beautiful","iamcosmic",52,107,71,"306957"
107,"spotify:track:6NFyWDv5CjfwuzoCkw47Xf","Taylor Swift","Delicate","Big Machine Records, LLC",20,92,96,"305005"
108,"spotify:track:26gceVsA1ybT8qsX3aYLEn","Imagine Dragons","Thunder","Kid Ina Korner / Interscope",16,132,373,"298819"
109,"spotify:track:76cy1WJvNGJTj78UqeA5zr","Dua Lipa","IDGAF","Warner Records",20,117,130,"294935"
110,"spotify:track:2TtWdYXulGcHCeUJUWwZ4M","Rae Sremmurd, Swae Lee, Slim Jxmmi, Future","Buckets (feat. Future) - From SR3MM","Mike WiLL Made-It",45,45,2,"293981"
111,"spotify:track:5tz69p7tJuGPeMGwNTxYuV","Logic, Alessia Cara, Khalid","1-800-273-8255","Def Jam Recordings",1,125,373,"293025"
112,"spotify:track:3B54sVLJ402zGa6Xm4YGNe","French Montana, Swae Lee","Unforgettable","Bad Boy Entertainment/Epic Records",1,124,394,"292757"
113,"spotify:track:5sWbwccBcyHsg5LEKWGZo9","J. Cole","BRACKETS","J. Cole P&D",9,99,16,"291935"
114,"spotify:track:1XRgIKC5TPwo7nWGyKqgG0","Gucci Mane, Migos","I Get the Bag (feat. Migos)","Guwop Enterprises/Atlantic",7,127,261,"288449"
115,"spotify:track:2ekn2ttSfGqwhhate0LSR0","Dua Lipa","New Rules","Warner Records",11,129,299,"287098"
116,"spotify:track:3rFF7kSm5qBOOPs6ljFgPp","J. Cole, kiLL edward","The Cut Off (feat. kiLL edward)","J. Cole P&D",6,108,16,"284076"
117,"spotify:track:5WoaF1B5XIEnWfmb5NZikf","Miguel, Travis Scott","Sky Walker (feat. Travis Scott)","ByStorm Entertainment/RCA Records",19,128,254,"282641"
118,"spotify:track:3pWcj8hxj3fsb9TDAcMpEl","The Chainsmokers, Drew Love","Somebody","Disruptor Records/Columbia",43,139,16,"281431"
119,"spotify:track:73F87Sqh6jQWucOOvz1WFx","Sia, Diplo, Labrinth, LSD","Genius (feat. Sia, Diplo, and Labrinth)","Records/Columbia",67,67,2,"279419"
120,"spotify:track:5Lgqu1th1KqlG97OF2gWGe","J. Cole","Window Pain - Outro","J. Cole P&D",13,112,16,"277122"
121,"spotify:track:6RnkFd8Fqqgk1Uni8RgqCQ","David Guetta, Martin Garrix, Brooks","Like I Do","Parlophone (France)",51,150,65,"276272"
122,"spotify:track:6mrKP2jyIQmM0rw6fQryjr","NF","Let You Down","NF Real Music",9,131,217,"275605"
123,"spotify:track:6nI74KsH94IN0J2vp5shdT","Rae Sremmurd, Swae Lee, Slim Jxmmi, The Weeknd","Bedtime Stories (feat. The Weeknd) - From SR3MM","Mike WiLL Made-It",61,61,2,"268055"
124,"spotify:track:5DfWF0jqMgZDCiu9zJENTA","Cardi B, Kehlani","Ring (feat. Kehlani)","Atlantic/KSR",27,135,30,"266882"
125,"spotify:track:4DTpngLjoHj5gFxEZFeD3J","Kodak Black, Lil Wayne","Codeine Dreaming (feat. Lil Wayne)","Atlantic Records",10,133,163,"266236"
126,"spotify:track:0tgVpDi06FyKpA1z0VMD4v","Ed Sheeran","Perfect","Atlantic Records UK",11,141,346,"265985"
127,"spotify:track:2eAZfqOm4EnOF9VvN50Tyc","Lil Uzi Vert, Oh Wonder","The Way Life Goes (feat. Oh Wonder)","Generation Now/Atlantic",4,136,254,"265771"
128,"spotify:track:7mldq42yDuxiUNn08nvzHO","Sam Hunt","Body Like A Back Road","MCA Nashville",12,156,458,"264884"
129,"spotify:track:7Izh7zLJGw1Nscd62Exxj4","Imagine Dragons","Believer","Kid Ina Korner / Interscope",9,165,458,"263500"
130,"spotify:track:5AEtlRudpgdT5FtNiuly6Y","Hailee Steinfeld, Alesso, Florida Georgia Line, WATT","Let Me Go (with Alesso, Florida Georgia Line & watt)","Universal Records",17,138,240,"261394"
131,"spotify:track:7vGuf3Y35N4wmASOKLUVVU","Marshmello, Khalid","Silence","Joytime Collective/RCA Records",7,144,268,"259661"
132,"spotify:track:62vpWI1CHwFy7tMIcSStl8","J. Cole","No Role Modelz","Roc Nation Records LLC",64,140,488,"257660"
133,"spotify:track:72TyiiduRmczEbDIEtKQdR","The Weeknd","Wasted Times","Universal Republic Records",3,115,37,"256025"
134,"spotify:track:7ms3VzLTfr7fXNOqA4Mkx9","Lil Skies, Rich The Kid","Creeping (feat. Rich the Kid)","All We Got Ent.",58,137,26,"254955"
135,"spotify:track:1f5cbQtDrykjarZVrShaDI","A Boogie Wit da Hoodie, Kodak Black","Drowning (feat. Kodak Black)","Highbridge The Label",18,152,415,"253683"
136,"spotify:track:3ZbJMlEL4Kcme0ONRO7Slx","Marshmello, Juicy J, James Arthur","You Can Cry","Joytime Collective/Columbia",77,77,2,"252351"
137,"spotify:track:5yuShbu70mtHXY0yLzCQLQ","Post Malone","Go Flex","Universal Records",19,142,490,"251872"
138,"spotify:track:3m660poUr1chesgkkjQM7P","Demi Lovato","Sorry Not Sorry","Island Records",6,157,299,"251307"
139,"spotify:track:1dNyRyz1QBN9kO1etUs1PI","Juice WRLD","All Girls Are The Same","Juice WRLD Mixtape / ISR P&D",118,134,15,"250451"
140,"spotify:track:1QRJb5VY3sIkCKcTuIKCrk","YBN Nahmir","Rubbin off the Paint","M.M.M.",47,164,195,"249363"
141,"spotify:track:1LhMopPAallLeaeNutqbgS","Justin Timberlake, Chris Stapleton","Say Something (feat. Chris Stapleton)","RCA Records Label",13,145,101,"249315"
142,"spotify:track:0wbnC9AUenxp613TYaJsGK","Migos","Narcos","Quality Control Music, LLC",2,163,100,"249211"
143,"spotify:track:1mMLMZYXkMueg65jRRWG1l","Luke Combs","When It Rains It Pours","River House Artists/Columbia Nashville",110,159,238,"248732"
144,"spotify:track:6onwlDmIVKE8bBgyBRSuS0","J. Cole, kiLL edward","FRIENDS (feat. kiLL edward)","J. Cole P&D",11,126,16,"247149"
145,"spotify:track:790MhTXPFrYkrqCKvpg4t1","NAV, Lil Uzi Vert","Wanted You (feat. Lil Uzi Vert)","XO Records",23,146,177,"245086"
146,"spotify:track:4gB7HrYHbJVJ5RFOjxmoq4","Luke Combs","One Number Away","River House Artists/Columbia Nashville",131,149,29,"243173"
147,"spotify:track:0CZ8lquoTX2Dkg7Ak2inwA","King Princess","1950","Zelig Records, LLC./Columbia Records",63,153,55,"243085"
148,"spotify:track:7qiZfU4dY1lWllzX7mPBI3","Ed Sheeran","Shape of You","Atlantic Records UK",1,171,485,"242995"
149,"spotify:track:6eT7xZZlB2mwyzJ2sUKG6w","Post Malone","White Iverson","Universal Records",56,161,490,"242725"
150,"spotify:track:7Fg342AJtNsIDdwCfX0paC","ZAYN","Let Me","RCA Records Label",39,158,23,"242684"
151,"spotify:track:6HZILIRieu8S0iqY8kIKhj","Kendrick Lamar","DNA.","Aftermath",2,166,387,"242467"
152,"spotify:track:5CLGzJsGqhCEECcpnFQA8x","Rudimental, Jess Glynne, Macklemore, Dan Caplen","These Days (feat. Jess Glynne, Macklemore & Dan Caplen)","Atlantic Records UK",24,168,102,"241690"
153,"spotify:track:27oFpFktCq9JIXjJQRuv7a","6ix9ine","GOTTI","ScumGang Records / TenThousand Projects",73,155,24,"241541"
154,"spotify:track:00B7TZ0Xawar6NZ00JFomN","Cardi B, Chance the Rapper","Best Life (feat. Chance The Rapper)","Atlantic/KSR",18,167,30,"241075"
155,"spotify:track:3GVkPk8mqxz0itaAriG1L7","XXXTENTACION","Everybody Dies In Their Nightmares","Bad Vibes Forever / EMPIRE",15,162,254,"240766"
156,"spotify:track:5mCPDVBb16L4XQwDdbRUpz","Drake","Passionfruit","Cash Money Records/Young Money Ent./Universal Rec.",1,176,412,"237325"
157,"spotify:track:1xznGGDReH1oQq0xzbwXa3","Drake, WizKid, Kyla","One Dance","Cash Money Records/Young Money Ent./Universal Rec.",7,185,455,"236522"
158,"spotify:track:3kxfsdsCpFgN412fpnW85Y","Childish Gambino","Redbone","Glassnote Entertainment Group LLC",8,173,490,"234135"
159,"spotify:track:69b0SDYOymaqYwm3la237H","Kanye West","Ye vs. the People (starring TI as the People)","Rock The World/IDJ/Kanye LP7",52,101,8,"232794"
160,"spotify:track:6SkeXwlWEHhjSZPNVSpJae","Morgan Wallen, Florida Georgia Line","Up Down (feat. Florida Georgia Line)","Big Loud Records",132,200,4,"232791"
161,"spotify:track:0Y4hwUppbGc8aIBmiTz30A","Liam Payne, J Balvin","Familiar","Capitol",51,181,16,"230539"
162,"spotify:track:0KmgnnbSO6Iqye27Rdtv13","Tee Grizzley, Lil Yachty","2 Vaults (feat. Lil Yachty)","300 Entertainment",103,143,9,"229919"
163,"spotify:track:3e7Y6sfFlIdBMJhX7wpqVO","Logic","44 More","Def Jam Recordings",6,169,72,"227791"
164,"spotify:track:6QgjcU0zLnzq5OrUoSZ3OK","Portugal. The Man","Feel It Still","Atlantic Records",13,198,324,"227236"
165,"spotify:track:0TFVOjSvPTjFHkiZZekK5k","Ty Dolla $ign, Gucci Mane, Quavo","Pineapple (feat. Gucci Mane & Quavo)","Atlantic Records",58,172,37,"226676"
166,"spotify:track:739vCwA3EpBSkk3uDsI2wB","N.E.R.D, Rihanna, Drake","Lemon (feat. Drake) - Drake Remix","i am OTHER/Columbia",23,186,49,"225866"
167,"spotify:track:7EmGUiUaOSGDnUUQUDrOXC","Selena Gomez, Marshmello","Wolves","Selena Gomez PS",3,182,193,"225450"
168,"spotify:track:2OvV4NjEBRE9v8Oo7QeUCq","Julia Michaels, Trippie Redd","Jump (with Trippie Redd)","J/Republic",113,113,2,"223601"
169,"spotify:track:6RSNKGdv3nDTHqgw4bdzyF","Russell Dickerson","Yours","Sony Music Entertainment",125,-1,117,"223200"
170,"spotify:track:4669wTPqp7Xwz2H7v4QKi1","Rae Sremmurd, Swae Lee, Slim Jxmmi","Up In My Cocina - From SR3MM","Mike WiLL Made-It",65,65,2,"223090"
171,"spotify:track:3YeJXuRSNS5FYwOsDu44kD","Trippie Redd, Travis Scott","Dark Knight Dummo (Feat. Travis Scott)","Elliot Grainge Entertainment, LLC",53,174,150,"222087"
172,"spotify:track:4LmAnpjlhWTahvRkYR8xJa","ScHoolboy Q, 2 Chainz, Saudi","X (with 2 Chainz & Saudi)","Black Panther (TDE/DMG) PS",5,178,86,"221724"
173,"spotify:track:1wjzFQodRWrPcQ0AnYnvQ9","Lauv","I Like Me Better","Lauv",30,175,332,"221251"
174,"spotify:track:6g1NlCpW7fgqDnWbCCDrHl","Avicii","Wake Me Up","Universal Music AB",25,189,16,"220776"
175,"spotify:track:2A69wys3S9uiPSmn6UZWJn","Old Dominion","Written in the Sand","RCA Records Label Nashville",128,-1,67,"220327"
176,"spotify:track:6p8NuHm8uCGnn2Dtbtf7zE","Migos, Gucci Mane","Slippery (feat. Gucci Mane)","Quality Control Music",17,193,462,"219068"
177,"spotify:track:0Px86mRlxdB3YqpK6KXWlr","J. Cole","Once an Addict - Interlude","J. Cole P&D",12,154,16,"218981"
178,"spotify:track:2374M0fQpWi3dLnB54qaLX","TOTO","Africa","Columbia",171,-1,28,"218426"
179,"spotify:track:5CtI0qwDJkDQGwXD1H1cLb","Luis Fonsi, Daddy Yankee, Justin Bieber","Despacito - Remix","UMLE - Latino",1,-1,339,"218075"
180,"spotify:track:2tPcTFiQF9MbVUyjZ3zDhA","SOB X RBE","Paramedic!","Black Panther (TDE/DMG) PS",16,184,86,"217309"
181,"spotify:track:33IOhptvC2Qoy2UhjiHXLV","David Guetta, Sia","Flames","Parlophone (France)",127,-1,31,"217115"
182,"spotify:track:1ung2kajpw24AaHjBtPY3j","Rae Sremmurd, Swae Lee, Slim Jxmmi","Perplexing Pegasus - From SR3MM","Mike WiLL Made-It",35,120,126,"216419"
183,"spotify:track:2j2fIJGh4PMdXt9ULI5Tlc","Daddy Yankee","Dura","El Cartel Records (EC3)",70,-1,87,"216177"
184,"spotify:track:7F3uo3304R2CTvOseU3H7u","Imagine Dragons","Whatever It Takes","Kid Ina Korner / Interscope",42,-1,103,"216091"
185,"spotify:track:6H0AwSQ20mo62jGlPGB8S6","2 Chainz, Ty Dolla $ign, Trey Songz, Jhené Aiko","It's A Vibe","2Chainz PS/Def Jam",35,195,392,"216007"
186,"spotify:track:4LiMQ6G9n84rDUBs9wtwz6","Jordan Davis","Singles You Up","MCA Nashville",127,199,55,"214078"
187,"spotify:track:0VgkVdmE4gld66l8iyGjgx","Future","Mask Off","Epic/Freebandz/A1",2,-1,433,"213660"
188,"spotify:track:7zVCrzzEJU7u24sbJPXA5W","Kane Brown, Lauren Alaina","What Ifs (feat. Lauren Alaina)","RCA Records Label Nashville",45,194,337,"213336"
189,"spotify:track:43ZyHQITOjhciSUUNPVRHc","Lil Pump","Gucci Gang","Warner Records",2,-1,236,"213136"
190,"spotify:track:2EEeOnHehOozLq4aS0n6SL","KYLE, Lil Yachty","iSpy (feat. Lil Yachty)","independently popular.",2,-1,482,"212724"
191,"spotify:track:6SFStUDQZNaGPKWOx9ZiJB","Anne-Marie","2002","Atlantic Records UK",106,180,16,"212417"
192,"spotify:track:0KKkJNfGyhkQ5aFogxQAPU","Bruno Mars","That's What I Like","Atlantic Records",3,-1,465,"211881"
193,"spotify:track:2YMhrXQYKkm4kXLcXKKd5z","Dustin Lynch","Small Town Boy","Broken Bow Records",82,-1,179,"210424"
194,"spotify:track:0q75NwOoFiARAVp4EXU4Bs","SZA, Travis Scott","Love Galore (feat. Travis Scott)","Top Dawg Entertainment/RCA Records",23,191,367,"210231"
195,"spotify:track:6xHI9KjUjYT0FPtGO8Mxa1","Luke Combs","Hurricane","River House Artists/Columbia Nashville",77,-1,273,"209570"
196,"spotify:track:4fv0mLkB3wY4Z2GAG1mWAN","Chris Lane, Tori Kelly","Take Back Home Girl (feat. Tori Kelly)","Big Loud Records",94,-1,41,"209426"
197,"spotify:track:4UKCKdYiLN6IMA5ZESUTL7","XXXTENTACION","the remedy for a broken heart (why am I so in love)","Bad Vibes Forever, LLC",17,188,51,"207798"
198,"spotify:track:2poOAWEj1CStqTVPgIHZ8s","The Weeknd","Try Me","Universal Republic Records",2,179,37,"207106"
199,"spotify:track:5k38wzpLb15YgncyWdTZE4","G-Eazy, Halsey","Him & I (with Halsey)","BPG/RVG/RCA Records",3,-1,155,"206501"
200,"spotify:track:1YmF9PvLhIISIANoMLIYGq","A$AP Rocky, Moby","A$AP Forever (feat. Moby)","A$AP Worldwide/Polo Grounds Music/RCA Records",33,187,31,"206443"
